
47
Cologne 1085664 50.93753 6.96028
Dusseldorf 619294 51.22774 6.77346
Dortmund 588250 51.51359 7.46530
Essen 582760 51.45564 7.01156
Duisburg 498590 51.43441 6.76233
Bochum 365587 51.48184 7.21624
Wuppertal 354382 51.25621 7.15076
Bonn 331885 50.73743 7.09821
Aachen 248960 50.77535 6.08389
Muenster 316403 51.96066 7.62613
Gelsenkirchen 260654 51.51774 7.08572
Moenchengladbach 261454 51.18046 6.44280
Krefeld 227020 51.33876 6.58534
Oberhausen 210764 51.49633 6.86378
Hagen 188686 51.36708 7.46328
Hamm 179916 51.67386 7.81598
Leverkusen 163487 51.04558 6.98819
Solingen 159360 51.16522 7.06712
Herne 156374 51.53865 7.22559
Neuss 153109 51.20423 6.68795
Recklinghausen 111734 51.61379 7.19739
Bottrop 117383 51.52358 6.92247
Remscheid 111338 51.17983 7.19250
Siegen 102836 50.87481 8.02431
Velbert 81543 51.33560 7.04348
Ratingen 91467 51.29605 6.85089
Marl 86759 51.65858 7.09155
Gladbeck 75856 51.57168 6.97577
Dorsten 76064 51.66145 6.96565
Herten 62190 51.59655 7.14317
CastropRauxel 73814 51.55037 7.31111
Luenen 86153 51.61406 7.52807
Datteln 34604 51.65419 7.34020
Haltern 38236 51.74214 7.18468
Schwelm 28759 51.28810 7.29313
Witten 95969 51.44178 7.33128
Ennepetal 30045 51.29558 7.33833
Gevelsberg 31199 51.32091 7.33712
Hattingen 55333 51.39894 7.18355
Herdecke 22434 51.39987 7.43544
Erkrath 44488 51.22164 6.91035
Hilden 56565 51.16809 6.93069
Monheim 42927 51.09184 6.89308
Langenfeld 59559 51.11163 6.94888
Meerbusch 56700 51.25277 6.67670
Willich 51443 51.26395 6.54970
Kempen 34905 51.36430 6.41806
